Method: np.vstack
Yield: 99.67%
dTime: 6.822353s
Frames: 204.0

Method: np.vstack
Yield: 100.12%
dTime: 8.323095s
Frames: 250.0

